5123  -1
5126  -1
5129  -1
5131  -1
5132  -1
5133  -1
5135  -1
5137  -1
5139  -1
5140  -1
5141  -1
5143  -1
5144  -1
5145  -1
5148  -1
5149  -1
5150  -1
5152  -1
5156  -1
5158  -1
5159  -1
5163  -1
5165  -1
5166  -1
5172  -1
5173  -1
5174  -1
5175  -1
5178  -1
5180  -1
5182  -1
5183  -1
5186  -1
5188  -1
5190  -1
5193  -1
5196  -1
5198  -1
5199  -1
5200  -1
5201  -1
5202  -1
5205  -1
5206  -1
5207  -1
5209  -1
5210  -1
5212  -1
5213  -1
5217  -1
5218  -1
5219  -1
5220  -1
5221  -1
5222  -1
5223  -1
5224  -1
5225  -1
5227  -1
5228  -1
5230  -1
5231  -1
5232  -1
5234  -1
5236  -1
5238  -1
5239  -1
5240  -1
5241  -1
5242  -1
5243  -1
5244  -1
5245  -1
5246  -1
5247  -1
5248  -1
5249  -1
5250  -1
5251  -1
5252  -1
5253  -1
5254  -1
5255  -1
5256  -1
5257  -1
5258  -1
5259  -1
5260  -1
5261  -1
5264  -1
5265  -1
5267  -1
5268  -1
5269  -1
5274  -1
5276  -1
5279  -1
5282  -1
5283  -1
5284  -1
5285  -1
5286  -1
5287  -1
5288  -1
5289  -1
5290  -1
5291  -1
5292  -1
5293  -1
5294  -1
5295  -1
5296  -1
5297  -1
5298  -1
5299  -1
5300  -1
5301  -1
5302  -1
5303  -1
5304  -1
5305  -1
5306  -1
5307  -1
5308  -1
5309  -1
5310  -1
5311  -1
5312  -1
5313  -1
5314  -1
5316  -1
5317  -1
5318  -1
5319  -1
5320  -1
5321  -1
5323  -1
5324  -1
5325  -1
5327  -1
5330  -1
5335  -1
5336  -1
5337  -1
5341  -1
5342  -1
5345  -1
5346  -1
5347  -1
5348  -1
5349  -1
5350  -1
5351  -1
5352  -1
5355  -1
5356  -1
5357  -1
5358  -1
5359  -1
5369  -1
5372  -1
5373  -1
5378  -1
5379  -1
5380  -1
5381  -1
5383  -1
5386  -1
5387  -1
5388  -1
5389  -1
5395  -1
5396  -1
5398  -1
5400  -1
5402  -1
5404  -1
5405  -1
5406  -1
5407  -1
5410  -1
5413  -1
5414  -1
5415  -1
5416  -1
5417  -1
5420  -1
5421  -1
5422  -1
5423  -1
5426  -1
5429  -1
5431  -1
5434  -1
5435  -1
5438  -1
5439  -1
5441  -1
5443  -1
5446  -1
5447  -1
5448  -1
5449  -1
5453  -1
5454  -1
5455  -1
5456  -1
5457  -1
5458  -1
5460  -1
5461  -1
5465  -1
5466  -1
5467  -1
5468  -1
5469  -1
5471  -1
5472  -1
5473  -1
5475  -1
5476  -1
5477  -1
5479  -1
5481  -1
5483  -1
5484  -1
5486  -1
5488  -1
5491  -1
5492  -1
5494  -1
5496  -1
5502  -1
5503  -1
5505  -1
5510  -1
5514  -1
5524  -1
5529  -1
5530  -1
5534  -1
5535  -1
5537  -1
5538  -1
5542  -1
5543  -1
5544  -1
5545  -1
5546  -1
5547  -1
5548  -1
5549  -1
5550  -1
5551  -1
5552  -1
5553  -1
5554  -1
5555  -1
5556  -1
5558  -1
5559  -1
5560  -1
5562  -1
5563  -1
5568  -1
5570  -1
5571  -1
5572  -1
5573  -1
5574  -1
5575  -1
5576  -1
5577  -1
5578  -1
5579  -1
5580  -1
5582  -1
5584  -1
5585  -1
5587  -1
5590  -1
5591  -1
5592  -1
5594  -1
5595  -1
5596  -1
5599  -1
5600  -1
5602  -1
5603  -1
5604  -1
5605  -1
5610  -1
5611  -1
5612  -1
5613  -1
5615  -1
5616  -1
5618  -1
5619  -1
5620  -1
5621  -1
5622  -1
5623  -1
5624  -1
5625  -1
5626  -1
5627  -1
5628  -1
5629  -1
5630  -1
5631  -1
5632  -1
5633  -1
5634  -1
5635  -1
5636  -1
5637  -1
5638  -1
5639  -1
5640  -1
5641  -1
5642  -1
5644  -1
5645  -1
5646  -1
5648  -1
5649  -1
5651  -1
5652  -1
5655  -1
5657  -1
5658  -1
5659  -1
5660  -1
5661  -1
5662  -1
5663  -1
5664  -1
5665  -1
5666  -1
5667  -1
5668  -1
5669  -1
5670  -1
5671  -1
5672  -1
5673  -1
5674  -1
5675  -1
5676  -1
5677  -1
5678  -1
5679  -1
5680  -1
5681  -1
5682  -1
5683  -1
5685  -1
5686  -1
5687  -1
5688  -1
5689  -1
5690  -1
5692  -1
5696  -1
5698  -1
5699  -1
5700  -1
5701  -1
5702  -1
5704  -1
5707  -1
5711  -1
5714  -1
5715  -1
5716  -1
5717  -1
5721  -1
5723  -1
5727  -1
5728  -1
5732  -1
5734  -1
5735  -1
5736  -1
5737  -1
5738  -1
5739  -1
5740  -1
5742  -1
5743  -1
5744  -1
5745  -1
5746  -1
5747  -1
5749  -1
5750  -1
5751  -1
5752  -1
5753  -1
5754  -1
5757  -1
5759  -1
5760  -1
5763  -1
5764  -1
5768  -1
5770  -1
5773  -1
5775  -1
5780  -1
5784  -1
5785  -1
5786  -1
5787  -1
5788  -1
5789  -1
5790  -1
5791  -1
5792  -1
5793  -1
5794  -1
5795  -1
5796  -1
5797  -1
5798  -1
5799  -1
5800  -1
5801  -1
5802  -1
5803  -1
5804  -1
5805  -1
5806  -1
5807  -1
5808  -1
5809  -1
5810  -1
5811  -1
5812  -1
5813  -1
5814  -1
5815  -1
5816  -1
5817  -1
5818  -1
5819  -1
5820  -1
5821  -1
5822  -1
5823  -1
5824  -1
5825  -1
5826  -1
5827  -1
5828  -1
5829  -1
5830  -1
5831  -1
5832  -1
5833  -1
5834  -1
5835  -1
5836  -1
5837  -1
5838  -1
5839  -1
5840  -1
5841  -1
5842  -1
5843  -1
5844  -1
5845  -1
5846  -1
5847  -1
5848  -1
5849  -1
5850  -1
5851  -1
5852  -1
5853  -1
5854  -1
5855  -1
5856  -1
5857  -1
5858  -1
5859  -1
5860  -1
5861  -1
5862  -1
5863  -1
5864  -1
5865  -1
5866  -1
5867  -1
5868  -1
5869  -1
5870  -1
5871  -1
5872  -1
5873  -1
5874  -1
5875  -1
5876  -1
5877  -1
5878  -1
5879  -1
5880  -1
5881  -1
5882  -1
5883  -1
5884  -1
5885  -1
5886  -1
5887  -1
5888  -1
5889  -1
5890  -1
5893  -1
5894  -1
5898  -1
5900  -1
5901  -1
5902  -1
5903  -1
5907  -1
5908  -1
5911  -1
5913  -1
5915  -1
5917  -1
5919  -1
5920  -1
5922  -1
5926  -1
5927  -1
5928  -1
5931  -1
5934  -1
5936  -1
5939  -1
5943  -1
5944  -1
5945  -1
