19763 -1 
19764 -1
19765 -1
19766 -1
19767 -1
19768 -1
19769 -1
19770 -1
19771 -1
19772 -1
19773 -1
19774 -1
19775 -1
19776 -1
19777 -1
19778 -1
19779 -1
19780 -1
19781 -1
19782 -1
19783 -1
19784 -1
19785 -1
19786 -1
19787 -1
19788 -1
19789 -1
19790 -1
25453 -1
25454 -1
25455 -1
25457 -1
25458 -1
25459 -1
25460 -1
25461 -1
25462 -1
25463 -1
25464 -1
25465 -1
25466 -1
25467 -1
25468 -1
25469 -1
25470 -1
25471 -1
25472 -1
25473 -1
25474 -1
25475 -1
25476 -1
25477 -1
25478 -1
25479 -1
25480 -1
25481 -1
25482 -1
25483 -1
25484 -1
25485 -1
25486 -1
25487 -1
25488 -1
25489 -1
25490 -1
25491 -1
25492 -1
25493 -1
25494 -1
25495 -1
25496 -1
25497 -1
25498 -1
25499 -1
25500 -1
25501 -1
25502 -1
25503 -1
25504 -1
25505 -1
25506 -1
25507 -1
25508 -1
25509 -1
25510 -1
25511 -1
25512 -1
25513 -1
25514 -1
25515 -1
25516 -1
25517 -1
25519 -1
25520 -1
